image_width: 1920
image_height: 1080
camera_name: head_camera
camera_matrix:
  rows: 3
  cols: 3
  data: [1902.158355, 0, 966.638858, 0, 1911.024184, 678.9123049999999, 0, 0, 1]
distortion_model: plumb_bob
distortion_coefficients:
  rows: 1
  cols: 5
  data: [-0.296276, 0.131734, 0.000268, 0.000574, 0]
rectification_matrix:
  rows: 3
  cols: 3
  data: [1, 0, 0, 0, 1, 0, 0, 0, 1]
projection_matrix:
  rows: 3
  cols: 4
  data: [1756.058105, 0, 968.866654, 0, 0, 1855.543457, 685.441835, 0, 0, 0, 1, 0]
